.Random.seed <-
c(403L, 10L, 380623427L, 143409633L, 2062992720L, 1134762926L, 
2133088601L, 1732503403L, 176649946L, 954079132L, -735614049L, 
-1207266827L, -1512184692L, -1990701726L, -2026831555L, -1528976969L, 
1258638942L, -1099790440L, -1454233861L, 750407321L, 1343649576L, 
-439169578L, 1752068689L, 672180483L, 811811986L, 1113545252L, 
-1476000537L, -1584670403L, 888237492L, 647868954L, 1893898597L, 
-1517295617L, 1855348358L, -1593457136L, -580027213L, 1096259409L, 
-1030808832L, -1514438178L, 1900890665L, 1396083163L, 516962026L, 
-332827508L, 365444047L, -390999163L, -679739332L, -2048585454L, 
-110529011L, -524499641L, -1696542930L, -1886633336L, -145071221L, 
1244443497L, -652645064L, -1058414618L, 188585857L, 39595795L, 
-1916774206L, -555240588L, -1318494345L, -423982995L, 1936385796L, 
-1866451414L, 867580821L, -956465105L, 66615606L, -1087088288L, 
-2020517981L, 1500381377L, -1255026512L, 425435086L, 1304539961L, 
882727755L, 550039802L, 610142716L, 1836493375L, -1483481323L, 
-2103178196L, -566127358L, -1631093283L, -991109929L, -1171535938L, 
1340011000L, -1933539877L, -768512967L, 286170504L, 1306786102L, 
-880876687L, 2114617763L, -785523470L, -1576034236L, -1272868089L, 
-859651363L, -483734572L, -283669766L, -265580987L, 1382413983L, 
1808624678L, -1649735504L, 197874003L, -1481806735L, -858656352L, 
925601086L, 135318601L, -10237701L, 2064752842L, 1747867180L, 
-1952609745L, 1660256997L, 1947858844L, 729735666L, 24005741L, 
-660415065L, -602208306L, 646513960L, 1250899755L, 330251593L, 
-1432214952L, -538379514L, 1022039777L, -640908685L, -1554076958L, 
-676211116L, -862494889L, -1913760947L, -449243420L, 1748702922L, 
-1339205835L, -925835889L, -791438698L, 1397322304L, -1137970429L, 
-732077279L, -770505712L, -2054577170L, -763522151L, 164523051L, 
1810438426L, -500425764L, 2040683999L, 1999489461L, -349730996L, 
728759714L, -625349379L, -1953598985L, 537067294L, -18849320L, 
314088251L, 1241050329L, 1704992872L, -431290986L, -719487727L, 
-1403433277L, 1781993170L, 956700516L, 372624039L, 326079485L, 
-259480076L, -87006502L, 1200116773L, -885696193L, 1419730630L, 
2106798928L, 385796979L, -1328718447L, 476692416L, 474716574L, 
-1683913879L, -995666021L, -270958934L, -979543860L, -657479281L, 
633134533L, -309526148L, -2051632686L, 1584278861L, 735088647L, 
833290222L, 535381704L, -1059046965L, -1812812759L, 560855672L, 
-964597850L, 631927233L, 1661642323L, -1084625662L, -208888780L, 
1143618999L, -1739370067L, 239563460L, 1820354282L, -711210667L, 
864411375L, -807887626L, 120458272L, 7802339L, -1050612095L, 
1385842928L, -1642248306L, 51312889L, -974364021L, 1075602106L, 
-1830793796L, -539265281L, -167413163L, -1807172244L, 1096758722L, 
1605203485L, -1755812201L, -1565923330L, 1804727224L, -1308627045L, 
795555321L, -123062968L, 1960558710L, -299586127L, -1772186653L, 
-699903822L, -149897980L, -1730519481L, -1318737635L, 1957341076L, 
1875979066L, -768624763L, -683056033L, 874671846L, 654185840L, 
81059475L, 1465001777L, -1317102112L, -1181247536L, 401111330L, 
-1860686168L, 1402772364L, -1705919300L, 94920498L, -185081280L, 
1636566196L, 1240826952L, -1599039046L, 2070347280L, -1114634004L, 
1800165716L, -802244846L, -1880156768L, -1581581620L, 1869035104L, 
1769676738L, -145489112L, -680768084L, -1091841732L, 431751026L, 
-1184693968L, 58601252L, 1052050744L, -1279157542L, -1020541040L, 
1644450556L, -916394092L, -992974782L, -737059584L, -1736283076L, 
454446416L, 253532322L, 173651784L, -1756129524L, -879686948L, 
1658221394L, -541977984L, -407717804L, -1899852824L, -567396614L, 
1279625552L, -18234580L, 1649297268L, -1946549358L, 1165194848L, 
-54997108L, 386986848L, 535185378L, 1986674600L, -823649076L, 
-1018606084L, 2129791922L, 1194879472L, -1359402556L, 1500324184L, 
-1710299782L, -1719742032L, -136925252L, -1497034668L, -435698750L, 
-80174048L, -1746338628L, 207690320L, 1241808866L, 1608971880L, 
602577484L, -1774059268L, 1862864882L, -888242944L, 20535156L, 
-1503297528L, -428702278L, 1444101584L, -481483796L, 950624148L, 
-909681710L, 731387744L, 775128396L, 990883104L, -494779518L, 
-2136827160L, 219718892L, 949905980L, 1585417074L, 842148464L, 
-1684260828L, 1600440120L, -1390220134L, 185062096L, -2118967108L, 
1239733908L, 478799490L, -852312896L, -190877380L, -260140912L, 
-970724830L, 2006943240L, 627949836L, -784076132L, -2098065902L, 
-643428992L, 34512404L, 2083919400L, 742384954L, -366229552L, 
697111148L, -332273868L, -1458601326L, 1909217632L, 1112944972L, 
-2092068896L, 1877557154L, 1720440744L, -20993140L, -680581444L, 
-1002402958L, 886003952L, -1403144124L, 1046814040L, -1527262150L, 
16262000L, 105579580L, 445532948L, -1919931966L, 2086904032L, 
1026709372L, 1000316624L, -975288670L, 1601438760L, -2471668L, 
678933436L, 850083122L, -189227072L, -250080716L, -1346479160L, 
545965242L, 1263603600L, 1099003372L, 93077588L, -27902318L, 
-793838816L, -736776756L, -436904992L, 230130370L, -1763370456L, 
-58024276L, 288420540L, -1775873550L, -1733441232L, 848497828L, 
-72187208L, 214166362L, 1046744464L, -1250643588L, -404615916L, 
-281958078L, -2060451072L, 521116604L, -1694155952L, -757530334L, 
-1428726456L, 365852684L, 1284847708L, -96623406L, 90785792L, 
-711951532L, 690692584L, 1501534202L, 1776490192L, -325130964L, 
-13498124L, 1466484626L, -1157104544L, 1190427916L, 1306347232L, 
-378938014L, -52378968L, -395879860L, -1043548292L, 1624304434L, 
1599061616L, -1049281212L, -39158824L, -1598664582L, -450976208L, 
1039043260L, 1220208468L, 583129666L, 1521593248L, 1655376060L, 
-2010963504L, -1183922846L, -1931193368L, -1298827316L, -1715095812L, 
-1286418446L, -336733056L, -1795663628L, 1769370760L, -227646150L, 
1418707792L, 110267500L, -1384365932L, -1207887534L, 383762144L, 
567308492L, 627079328L, 429734274L, 1871165672L, 1101723884L, 
856176700L, -1703477134L, 572156016L, -980073948L, 1135804984L, 
-1083536870L, -2075168560L, 657159740L, 253545620L, -297577342L, 
-1884584000L, 1809722684L, -1071079792L, 1231991842L, 1970966536L, 
-1617870558L, -1380540361L, -2008788735L, -878517242L, -1970183612L, 
-2011313291L, -300060961L, -1156507080L, 788517398L, 1505740323L, 
128012773L, 458547202L, 604174960L, 1782804505L, -121361909L, 
658170108L, 1936309546L, -1334713505L, -592645399L, 33921534L, 
-1102191124L, -366635715L, -417997561L, -790446864L, 533078158L, 
756832955L, -1907838307L, -2119203254L, -1405440920L, 526443601L, 
-780480701L, 1583241796L, 364615922L, -54827833L, 676978321L, 
1742135318L, -1964864908L, -59749115L, -851475633L, 1663978824L, 
-1278689050L, 893212179L, 373983605L, 1187548498L, 1300159904L, 
242093193L, 443841723L, 448507660L, 1903871642L, -1691739121L, 
935221337L, 2142229742L, -896594052L, -2141619219L, 139478167L, 
969936736L, 90728254L, 2016729099L, -1624964979L, 2092808634L, 
-1764083720L, 984478625L, -10515117L, 1674200180L, 424162818L, 
-1501140841L, 231774817L, -273754L, -1982203228L, -2081140907L, 
-1464970241L, -1063882088L, -1281615946L, 573250627L, 1411929477L, 
209079842L, 1585067280L, 1861686457L, 332233067L, -1775134628L, 
1430230410L, 329445759L, -219845431L, -179252898L, 147603980L, 
-1049385507L, 505232615L, 518342928L, 280524846L, 480607963L, 
720934845L, 1843769642L, 1824404936L, -1355879695L, -1698044829L, 
2113831012L, -1906685038L, 579805287L, 1175781425L, -2037247626L, 
-102383980L, 284554405L, -1245156945L, -2001882520L, 1748118086L, 
-1881886733L, -1670172843L, -1056943822L, -988613376L, 2066810345L, 
1127100507L, -1128283476L, -532603718L, -1324999057L, 1096043513L, 
1122390670L, -1680161956L, 1300058061L, 1389940535L, 2117447104L, 
339776158L, 98061163L, 614593261L, -1569888422L, 1752644632L, 
1732471169L, 1587003187L, -1496001196L, 533954402L, 1181627383L, 
318553153L, 647035078L, 1737082372L, -606793291L, -2047037793L, 
1936523000L, -2132253994L, -1148045469L, 1981976357L, -885685054L, 
